001111111111111111111111111111111111111111110000000000000000000000000001000000000000000000000000111011000
100111111111111111111111111111111111111111100000000000000011100000000000000000000000000000000000111111000
111111111111111111111111111111111111111111000000000000011111000000000001100000000000000000000011111110000
111111111111111111110000000000111111111110000000000111111111110000001111110000000000000000000111111100000
111111111111111111100000000000011111111110010000111111111111110000011111111000000000000000001111111100000
111111111111111111100000000010111111111001110011111111111111100001111111111100000000100000011111111000000
111111111111111111000000000001111111111110011111111111111100000011111111111110000100000100111111110111111
111111111111111000000000000011111111111111111111111111110000001111111111111110000101100001111111111111110
111111111111111111111100000111111111111111111111111111000011111111111111110000000001100000111111111011100
111111111111111111111000000011111111111111111111111111000011111111111111000000000011100000011111101111000
111111111111111111100001111111111111111111111111111110001111111111111110000000011011100000001110011110000
111111111111111111111111111111111111111111111111111110011111111111111100000000011111110000000011111110000
111111111111111111111111111111111111111111111111111110111111111111111000000000011111110000000111111100000
111111111111111111111111111111111111111111111111111100111111111111110000001000011111110000000011111100000
111111111111111111111111111111111111111111111110111101111111111111100111111100011111110000001011111000000
011111111111111111111111111111111111111111111110110111111111111111111111111100011111110000000111111100000
011111111111111111111111111111111011111111111110111111111111111111111111111000011111111000010111111110000
000111100111111111111111111111110011111111111111111111111111111111111111111000011111111100000111111111100
111111111111111111111111111111110111111111111111111111111111111111111111111000011111110110000011111111111
111111111111111111111111111111111111111111111111111111111111111111111111110000011111110110100011111111111
111111111111111111111111111111101111111111111111111111111111111111111111110000011111110110000011111111111
111111111111111111111111111111111111111111111111111111111111111111111111110000011111100111000001111111111
000000111111111111111111111111111111111111111111111111111111111111111111110000011111100011100101111111111
000000111111111111111111111111111111111111111111111111111111111111111111110000011111101011100001111111111
000001111111111111111111111111111101111111111111111111110111111111111111110000011111001011111000111111111
000011111111111111111111111111111100111111111111111111110111111111111111100000111111011011111111111111111
000011111111111111111111111111111000111111111111111111100111111111111111100000111111011011111111111111111
000111111111111111111111111111110000111111111111111111100111111111111111111001111111011011111111111111111
000111111111111111111111111111110000011111111111111111101111111111111111111001111111011001111111111111111
001111111111111111111111111111100000011111111111111111001111111111111111111011111111011001111111111111111
001111111111111111111111111111000000001111111111111111001011111111111111111011111111111001111111111111000
001111111111111111111111111110000000001111111111111111000011111111111111111111111111111100111111111111000
001111111111111111111111111110000000000111111111111111010111111111111111111111111111111101111111111111100
001111111111111111111111111100000000000111111111111111011111111111111111111111111111111101111111111111110
001111111111111110111111111100000000000111111111111111111111111111111111111111111111111111111111111111110
001111111111111100111111111000000000000011111111111111111111111111111111111111111111111111111111111111110
001111111111111110011111111100000000000011111111111111111111111111111111111111111111111111111111110000000
000111111111111110011111111100000000110001111111111111111111111111111111111111111111111111111111111000000
000111111111111101001111111111000000000000111111111111111111111111111111111111111111111111111111111000000
000111111111111100001111111110000000000000111111111111111111111111111111111111111111111111111111111100000
000111111111111110100111011110000000000000111111111111111111111111111111111111111111111111111111111111100
011111111111101111000111011111000000000000011111111111111111111111111111111101111111111111111111111111111
111111111110001111000011001111000000111110011111111111111111111111111111110000111111111111111111111111111
111111111100001101100011000011100111111110001111111111111111111111111111100001101111111111111111111111111
111111111110001100110001100000001111100111111111111111111111111111111111000111101111111111111111111111111
111110001110001011010000100000011100000000001111111111011111111111111111001111100111111111111111111111111
000000000111001111000000000000011000000000000111111110011111111111111111111111110111111111111111111111111
000000000000001111001000000000000000000000000111111100011111111111111111110011110011111111111111111111111
000000000000001011001000000000001100000000000111111100001111111111111111100000010011111111111111111111111
000000000000001111000100000000001110000000000111111100001101111111111001100000010011111111111111111111110
000000000000000101000100000000001110000000000011101100001101111111111011100000010001111111111111111111100
000000000000000101000000000000001110000000000011001100001100111111111011000000010001111111111111111110000
000000000000000100000000000000001100000000000010000100000100011111110111110001010001111111111111111100000
000000000000000100000000000000001100000000000000000110000000011111111111111011010001111111111111111100000
000000000000000100000000000000000110000000000000000110000000001111100111110011100001111111111111111110000
000000000000000110000100000000000000000000000000000110000000001111000111110011000011111111111110111110000
000000000000000110000100000000000000000000000000000110000000001111000111100010000111111111111110000000000
000000000000000111100100000000000000000000000000001100000000001110001111111100000111111111101111000000000
000000000000000101111000000000000000000000000000001100000000000110000011110000011111111111100011000000000
000000000000000111110000000000000000000000000000001100000000001100000000010000111111111111100000000000000
000000000000000110000000000000000000000000000000001000000000000000000000100001111100011111110000000000000
000000000000001000000000000000000000000000000000010000000000000000000001000111111000000000000000000000000
000000000011111000000000000000000000000000000000100000000000000000000000001111110000000000000000000000000
000000000011000000000000000000000001000000000011000000000000000000000000111111100000000000000000000000000
000000000011000000000000000000000000011000001110000000000000000000101111111111111000000000000000000000000
000000000001000000000000000000000000000000000000000100000000000001111111111110011101100011100000000000000
000000000001100000000000000000000000000000000000000000000001000001000111111110000111111100111111000000000
000000000000100000000000000000000000000000000000000000101110000001000111001110000011111000000111111111110
000000000000110000000000000000000000000000000000000000000100000010001111000011000001111000000011111111111
000000000000011000000000000000000000000000000001000000000000000010001111000001000001111000000011111111111
000000000000001100000000000000000000000000000000000000000000000000001000000001000000111000000111111111111
000000000000000110000000000000000000000000000000000110000000000000000010000001000000111111111111111111111
000000000000000110000000000000000000000000000000000000000000000000000010000001100000011111111111111111111
000000000000000011000000000000000000000000000000000000000000000000000010000100100000011111111111111111111
000000000000000001100000111111000000000000000000000000000000000000000010000100100000001111111111111111111
000000000000000000110011000001110000000000000000000000000000000000000110000000100000000110111111111111111
000000000000000000011001110000011000000000000000000000000001000000001100000000110000000110001111100011111
000000000000000000001000111111111100000000000000000000000000000000001000000000110000000011000001001000000
000000000000000000001100111111111110000000000000000000000000000000011000000000010000000011000001000110000
000000000000000000000110011111111110000000000000000011001000000000010000000000010000000001000000100000000
000000000000000000000011001111111110000000000000001110000000000000110000000000010000000001100000010000000
000000000000000000000011100111111100000000000001111000000000000000100000000000011000000000100000000000000
000000000000000000000001110011111000000000000011110000000000000000000000000000011000000000010000001000000
000000000000000000000000111000000000000000001111111010000011111111000000000000001000000000011000000000000
000000000000000000000000001110000000000001111111111110001111111111100000000000001000000000001000000000000
000000000000000000000000000111000000000111100011111111111110000000111000000000001000000000001100000000000
000000000000000000000000000001100000111111000000111111111110001111111111000000001100000000001000000000000
000000000000000000000000000000111111110001100000001111111111111111111111000000000111000000010000000000000
